Ethernet: 100.0%
ARP: 0.0%
IPv4: 93.33333333333333%
IPv6: 6.666666666666667%
ICMP: 0.0%
ICMPv6: 6.666666666666667%
UDP: 80.0%
TCP: 0.0%
DNS: 0.0%
