Ethernet: 100.0%
ARP: 28.57142857142857%
IPv4: 57.14285714285714%
IPv6: 14.285714285714285%
ICMP: 0.0%
ICMPv6: 0.0%
UDP: 57.14285714285714%
TCP: 0.0%
DNS: 0.0%
